                 precision    recall  f1-score   support

          [PAD]       0.00      0.00      0.00         2
         НацБез       0.00      0.00      0.00         6
  Госуправление       0.08      0.01      0.02        73
      Экономика       0.00      0.00      0.00         4
Здравоохранение       1.00      0.20      0.33        10
      Транспорт       0.00      0.00      0.00         1
            НКО       0.00      0.00      0.00         0
         СоцПол       0.00      0.00      0.00         1
    Образование       0.00      0.00      0.00        14
         Прочее       0.64      0.95      0.77       189

      micro avg       0.61      0.61      0.61       300
      macro avg       0.17      0.12      0.11       300
   weighted avg       0.46      0.61      0.50       300
